#ChanSong

1 1 1.000 
1 2 1.125 
1 3 1.250 
1 4 1.375 
1 5 1.500 
1 6 1.625
 
1 1 2.000
1 2 2.125
1 3 2.250
1 4 2.375
1 5 2.500
1 6 2.625
1 5 2.750
1 4 2.875

1 1 3.000 
1 2 3.125 
1 3 3.250 
1 4 3.375 
1 5 3.500 
1 6 3.625 
1 5 3.750 
1 4 3.875 

1 1 4.000 
1 2 4.125 
1 3 4.250 
1 4 4.375 
1 5 4.500 
1 6 4.625 
1 5 4.750 
1 4 4.875

1 1 5.000 
1 2 5.125 
1 3 5.250 
1 4 5.375 
1 5 5.500 
1 6 5.625 
1 5 5.750 
1 4 5.875 

1 1 6.000 
1 2 6.125 
1 3 6.250 
1 4 6.375 
1 5 6.500 
1 6 6.625 
1 5 6.750 
1 4 6.875 
 
 
1 1 12.000 
1 2 12.125 
1 3 12.250 
1 4 12.375 
1 5 12.500 
1 6 12.625 
1 5 12.750 
1 4 12.875 

1 1 13.000 
1 2 13.125 
1 3 13.250 
1 4 13.375 
1 5 13.500 
1 6 13.625 
1 5 13.750 
1 4 13.875 
