#twinkle, twinkle, Little Star
1 1 1.000
1 1 1.125
1 3 1.250
1 3 1.375
1 6 1.500
1 6 1.625
1 5 1.750
1 5 1.875
1 4 2.000
1 4 2.125
1 3 2.250
1 3 2.375
1 2 2.500
1 2 2.625
1 1 2.750

1 6 5.125
1 6 5.250
1 5 5.375
1 5 5.500
1 4 5.625
1 4 5.750
1 2 5.875

1 6 8.000
1 6 8.125
1 5 8.250
1 5 8.375
1 4 8.500
1 4 8.625
1 2 8.750

1 1 11.000
1 1 11.125
1 3 11.250
1 3 11.375
1 6 11.500
1 6 11.625
1 5 11.750
1 5 11.875
1 4 12.000
1 4 12.125
1 3 12.250
1 3 12.375
1 2 12.500
1 2 12.625
1 1 12.750