#Twinkle, Twinkle, Little Star
1 1 9.009
1 4 9.013
1 4 9.794
1 5 10.567
1 5 11.344
1 3 12.121
1 6 12.125
1 6 12.902
1 1 13.679
1 5 13.683
1 4 15.543
1 2 15.547
1 4 16.324
1 1 17.101
1 4 17.105
1 4 17.882
1 5 18.659
1 2 18.663
1 5 19.444
1 1 20.217
1 4 20.221
1 1 22.081
1 6 22.085
1 6 22.862
1 3 23.639
1 5 23.643
1 5 24.424
1 1 25.197
1 4 25.201
1 4 25.978
1 2 26.755
1 4 26.759
1 1 28.619
1 6 28.623
1 6 29.444
1 5 30.177
1 2 30.181
1 5 30.958
1 1 31.735
1 4 31.739
1 4 32.516
1 5 33.293
1 2 33.297
1 4 35.157
1 1 35.161
1 4 35.938
1 4 36.715
1 5 37.492
1 5 38.269
1 3 38.273
1 6 39.054
1 6 39.827
1 1 40.604
1 5 40.608
1 4 41.385
1 2 42.162
1 4 42.166
1 1 42.943
1 4 42.947
1 4 43.724
1 2 43.728
1 5 44.505
1 4 45.282
1 1 46.059
1 4 46.064