#Aegukga
1 1 1.000
1 4 1.250
1 3 1.500
1 2 1.625

1 4 1.875
1 2 2.000
1 1 2.125
1 2 2.250

1 3 2.500
1 4 2.625
1 5 2.750
1 6 5.875
1 5 6.000
1 4 6.125

1 6 6.625
1 5 7.000
1 4 7.125
1 4 7.250

1 3 7.500
1 2 7.750
1 2 8.125
1 1 8.375

1 1 8.625
1 3 8.875
1 4 9.125
1 4 9.250
1 5 9.375
1 3 9.625

1 2 10.125
1 4 10.625
1 2 10.875

1 4 11.125
1 6 11.625
1 4 11.875

1 5 12.125
1 4 12.375
1 3 12.625
1 5 13.125

1 6 13.625
1 5 14.000
1 4 14.125
1 4 14.250

1 3 14.500
1 2 14.750
1 2 15.125
1 1 15.375

1 1 15.625
1 3 15.875
1 4 16.125
1 4 16.250
1 5 16.375
1 3 16.625